1399507858030,0,-58,0
1399507859307,0,0,0
1399507859328,0,54,0
1399507860616,0,0,0
1399507860636,0,-54,0
1399507861926,0,0,0
1399507861947,0,52,0
1399507862082,1,34.0683683,-118.4435276
1399507863235,0,0,0
1399507863255,0,-53,0
1399507858030,0,-58,0
1399507859307,0,0,0
1399507859328,0,54,0
1399507860616,0,0,0
1399507860636,0,-54,0
1399507861926,0,0,0
1399507861947,0,52,0
1399507862082,1,34.0683683,-118.4435276
1399507863235,0,0,0
1399507863255,0,-53,0
1399507871090,0,0,5
1399507871120,0,-13,0
1399507872398,0,0,5
1399507872421,0,-4,0
1399507873708,0,0,0
1399507873740,0,-48,0
1399507875018,0,0,0
1399507875038,0,-3,0
1399507876327,0,0,0
1399507876347,0,2,0
1399507858030,0,-58,0
1399507859307,0,0,0
1399507859328,0,54,0
1399507860616,0,0,0
1399507860636,0,-54,0
1399507861926,0,0,0
1399507861947,0,52,0
1399507862082,1,34.0683683,-118.4435276
1399507863235,0,0,0
1399507863255,0,-53,0
1399507871090,0,0,5
1399507871120,0,-13,0
1399507872398,0,0,5
1399507872421,0,-4,0
1399507873708,0,0,0
1399507873740,0,-48,0
1399507875018,0,0,0
1399507875038,0,-3,0
1399507876327,0,0,0
1399507876347,0,2,0
1399507877637,0,0,0
1399507878200,0,1,0
1399507879489,0,0,0
1399507879628,0,-1,0
1399507880919,0,0,0
1399507880940,0,-14,0
