paul,1400095669499,0,0,2
paul,1400095669520,0,8,0
paul,1400095670809,0,0,0
paul,1400095676380,1,34.0684092,-118.4436327
paul,1400095700024,1,34.0684135,-118.443623
paul,1400095720017,1,34.0684017,-118.4436451
paul,1400095752119,1,34.0684053,-118.4436367
paul,1400095772151,1,34.0684115,-118.4436275
paul,1400095779078,0,1,2
paul,1400095780359,0,0,3
paul,1400095669499,0,0,2
paul,1400095669520,0,8,0
paul,1400095670809,0,0,0
paul,1400095676380,1,34.0684092,-118.4436327
paul,1400095700024,1,34.0684135,-118.443623
paul,1400095720017,1,34.0684017,-118.4436451
paul,1400095752119,1,34.0684053,-118.4436367
paul,1400095772151,1,34.0684115,-118.4436275
paul,1400095779078,0,1,2
paul,1400095780359,0,0,3
paul,1400095810149,0,0,0
paul,1400095810176,0,-16,0
paul,1400095810240,1,34.0684021,-118.4436758
paul,1400095811458,0,0,3
paul,1400095811492,0,56,0
paul,1400095812767,0,0,5
paul,1400095812801,0,6,0
paul,1400095814077,0,0,2
paul,1400095814113,0,-43,0
