1399075590459,dr,-1,0
1399075591750,dr,0,2
1399075591784,dr,41,0
1399075593057,dr,0,7
1399075593077,dr,-28,0
1399075594367,dr,0,0
1399075594387,dr,27,0
1399075595677,dr,0,3
1399075595696,dr,19,0
1399075596986,dr,0,2
1399075597007,dr,17,0
1399075598294,dr,0,0
1399075598342,dr,32,0
1399075599604,dr,0,0
1399075599648,dr,12,0
1399075600914,dr,0,1
1399075600964,dr,19,1
1399075602223,dr,0,0
1399075602268,dr,22,0
1399075603531,dr,0,0
1399075603551,dr,-18,0
1399075604841,dr,0,0
1399075604861,dr,51,0
1399075606155,dr,0,3
1399075606172,dr,16,0
1399075607459,dr,0,1
1399075607506,dr,-47,0
1399075608769,dr,0,1
1399075608815,dr,67,0
1399075610077,dr,0,1
1399075610098,dr,11,0
1399075611387,dr,0,2
1399075611438,dr,-9,0
1399075612696,dr,0,4
1399075612748,dr,3,0
1399075614005,dr,0,1
1399075614055,dr,9,0
1399075615315,dr,0,1
1399075615364,dr,12,0
1399075616624,dr,0,2
1399075616676,dr,39,0
1399075617933,dr,0,2
1399075617985,dr,-1,0
1399075619268,dr,0,5
1399075619279,dr,44,0
1399075620562,dr,0,6
1399075620575,dr,-44,0
1399075621861,dr,0,4
1399075621918,dr,72,0
1399075623171,dr,0,0
1399075623227,dr,-24,0
1399075624478,dr,0,2
1399075624504,dr,-16,0
1399075625787,dr,0,3
1399075625814,dr,4,0
1399075627096,dr,0,9
1399075627801,dr,1,7
1399075629090,dr,0,8
1399075629292,dr,1,2
1399075630593,dr,0,5
1399075630601,dr,34,0
1399075631890,dr,0,2
1399075631914,dr,-23,0
1399075633200,dr,0,0
1399075633226,dr,-12,0
1399075634509,dr,0,1
1399075634529,dr,-5,0
1399075635818,dr,0,7
1399075636019,dr,-1,1
1399075637308,dr,0,8
1399075637331,dr,1,1
1399075638617,dr,0,7
1399075638839,dr,-1,1
1399075640128,dr,0,9
1399075642444,dr,-1,11
1399075643733,dr,0,8
1399075643754,dr,41,0
1399075645043,dr,0,8
1399075645063,dr,-15,0
1399075646352,dr,0,5
1399075646372,dr,-1,0
1399075647661,dr,0,1
1399075647802,dr,1,0
1399075649092,dr,0,0
1399075650644,dr,-1,0
1399075651933,dr,0,0
1399075651966,dr,37,1
1399075653242,dr,0,3
1399075653298,dr,-47,0
1399075654549,dr,0,7
1399075654576,dr,4,0
1399075655859,dr,0,11
1399075664930,dr,-1,72
1399075666212,dr,0,6
1399075670884,dr,1,23
1399075672174,dr,0,1
1399075672199,dr,-5,0
1399075673483,dr,0,4
1399075673508,dr,36,0
1399075674792,dr,0,2
1399075674814,dr,16,0
1399075676103,dr,0,0
1399075676123,dr,4,0
1399075677412,dr,0,0
1399075677464,dr,-3,0
1399075678719,dr,0,0
1399075680210,dr,-1,10
1399075681499,dr,0,8
1399075681761,dr,-1,2
1399075683050,dr,0,8
1399075683070,dr,41,0
1399075684359,dr,0,10
1399075684380,dr,-1,0
1399075685671,dr,0,9
1399075685697,dr,1,0
1399075686977,dr,0,11
1399075686998,dr,11,0
1399075688287,dr,0,9
1399075688308,dr,-48,0
1399075689596,dr,0,4
