1399509029841,1,34.0684235,-118.4434977,paul
1399509030157,0,1,0,paul
1399509031448,0,0,0,paul
1399509031468,0,1,0,paul
1399509032757,0,0,0,paul
1399509032783,0,-7,0,paul
1399509034067,0,0,0,paul
1399509034086,0,3,0,paul
1399509035376,0,0,0,paul
1399509035395,0,-1,0,paul
1399509029841,1,34.0684235,-118.4434977,paul
1399509030157,0,1,0,paul
1399509031448,0,0,0,paul
1399509031468,0,1,0,paul
1399509032757,0,0,0,paul
1399509032783,0,-7,0,paul
1399509034067,0,0,0,paul
1399509034086,0,3,0,paul
1399509035376,0,0,0,paul
1399509035395,0,-1,0,paul
1399509210369,1,34.0683891,-118.4435679,paul
1399509230522,1,34.0683842,-118.4435147,paul
1399509250524,1,34.0683842,-118.4435147,paul
1399509271490,1,34.0683842,-118.4435147,paul
1399509291496,1,34.0683836,-118.4435159,paul
1399509311576,1,34.068374,-118.4435343,paul
1399509332559,1,34.0683842,-118.4435345,paul
1399509352647,1,34.0683796,-118.4435265,paul
1399509372615,1,34.068422,-118.44355,paul
1399509393573,1,34.0684313,-118.4435522,paul
1399509029841,1,34.0684235,-118.4434977,paul
1399509030157,0,1,0,paul
1399509031448,0,0,0,paul
1399509031468,0,1,0,paul
1399509032757,0,0,0,paul
1399509032783,0,-7,0,paul
1399509034067,0,0,0,paul
1399509034086,0,3,0,paul
1399509035376,0,0,0,paul
1399509035395,0,-1,0,paul
1399509210369,1,34.0683891,-118.4435679,paul
1399509230522,1,34.0683842,-118.4435147,paul
1399509250524,1,34.0683842,-118.4435147,paul
1399509271490,1,34.0683842,-118.4435147,paul
1399509291496,1,34.0683836,-118.4435159,paul
1399509311576,1,34.068374,-118.4435343,paul
1399509332559,1,34.0683842,-118.4435345,paul
1399509352647,1,34.0683796,-118.4435265,paul
1399509372615,1,34.068422,-118.44355,paul
1399509393573,1,34.0684313,-118.4435522,paul
1399509413662,1,34.0684335,-118.4435293,paul
1399509433634,1,34.0684469,-118.4435401,paul
1399509454573,1,34.0683749,-118.4435322,paul
1399509474716,1,34.068433,-118.4435395,paul
1399509494788,1,34.0683807,-118.4435831,paul
1399509515633,1,34.0683849,-118.4435826,paul
1399509536378,1,34.0684387,-118.4435172,paul
1399509555735,1,34.0684292,-118.4435522,paul
1399509576672,1,34.0684261,-118.443552,paul
1399509596883,1,34.0684205,-118.4435352,paul
1399509029841,1,34.0684235,-118.4434977,paul
1399509030157,0,1,0,paul
1399509031448,0,0,0,paul
1399509031468,0,1,0,paul
1399509032757,0,0,0,paul
1399509032783,0,-7,0,paul
1399509034067,0,0,0,paul
1399509034086,0,3,0,paul
1399509035376,0,0,0,paul
1399509035395,0,-1,0,paul
1399509210369,1,34.0683891,-118.4435679,paul
1399509230522,1,34.0683842,-118.4435147,paul
1399509250524,1,34.0683842,-118.4435147,paul
1399509271490,1,34.0683842,-118.4435147,paul
1399509291496,1,34.0683836,-118.4435159,paul
1399509311576,1,34.068374,-118.4435343,paul
1399509332559,1,34.0683842,-118.4435345,paul
1399509352647,1,34.0683796,-118.4435265,paul
1399509372615,1,34.068422,-118.44355,paul
1399509393573,1,34.0684313,-118.4435522,paul
1399509413662,1,34.0684335,-118.4435293,paul
1399509433634,1,34.0684469,-118.4435401,paul
1399509454573,1,34.0683749,-118.4435322,paul
1399509474716,1,34.068433,-118.4435395,paul
1399509494788,1,34.0683807,-118.4435831,paul
1399509515633,1,34.0683849,-118.4435826,paul
1399509536378,1,34.0684387,-118.4435172,paul
1399509555735,1,34.0684292,-118.4435522,paul
1399509576672,1,34.0684261,-118.443552,paul
1399509596883,1,34.0684205,-118.4435352,paul
1399509616807,1,34.0683688,-118.4435357,paul
1399509638300,1,34.0683765,-118.4434983,paul
1399509657823,1,34.0683716,-118.4434994,paul
1399509677855,1,34.0683744,-118.4435054,paul
1399509698912,1,34.0683729,-118.4435251,paul
1399509719075,1,34.0683697,-118.4435272,paul
1399509739028,1,34.0683656,-118.4435372,paul
1399509760012,1,34.0684217,-118.4435311,paul
1399509780148,1,34.0684062,-118.4435071,paul
1399509800062,1,34.0683987,-118.4435118,paul
1399509029841,1,34.0684235,-118.4434977,paul
1399509030157,0,1,0,paul
1399509031448,0,0,0,paul
1399509031468,0,1,0,paul
1399509032757,0,0,0,paul
1399509032783,0,-7,0,paul
1399509034067,0,0,0,paul
1399509034086,0,3,0,paul
1399509035376,0,0,0,paul
1399509035395,0,-1,0,paul
1399509210369,1,34.0683891,-118.4435679,paul
1399509230522,1,34.0683842,-118.4435147,paul
1399509250524,1,34.0683842,-118.4435147,paul
1399509271490,1,34.0683842,-118.4435147,paul
1399509291496,1,34.0683836,-118.4435159,paul
1399509311576,1,34.068374,-118.4435343,paul
1399509332559,1,34.0683842,-118.4435345,paul
1399509352647,1,34.0683796,-118.4435265,paul
1399509372615,1,34.068422,-118.44355,paul
1399509393573,1,34.0684313,-118.4435522,paul
1399509413662,1,34.0684335,-118.4435293,paul
1399509433634,1,34.0684469,-118.4435401,paul
1399509454573,1,34.0683749,-118.4435322,paul
1399509474716,1,34.068433,-118.4435395,paul
1399509494788,1,34.0683807,-118.4435831,paul
1399509515633,1,34.0683849,-118.4435826,paul
1399509536378,1,34.0684387,-118.4435172,paul
1399509555735,1,34.0684292,-118.4435522,paul
1399509576672,1,34.0684261,-118.443552,paul
1399509596883,1,34.0684205,-118.4435352,paul
1399509616807,1,34.0683688,-118.4435357,paul
1399509638300,1,34.0683765,-118.4434983,paul
1399509657823,1,34.0683716,-118.4434994,paul
1399509677855,1,34.0683744,-118.4435054,paul
1399509698912,1,34.0683729,-118.4435251,paul
1399509719075,1,34.0683697,-118.4435272,paul
1399509739028,1,34.0683656,-118.4435372,paul
1399509760012,1,34.0684217,-118.4435311,paul
1399509780148,1,34.0684062,-118.4435071,paul
1399509800062,1,34.0683987,-118.4435118,paul
1399509821053,1,34.0684089,-118.4435142,paul
1399509841068,1,34.0684062,-118.4435095,paul
1399509861156,1,34.0683994,-118.4435188,paul
1399509882115,1,34.0684021,-118.4435158,paul
1399509902148,1,34.0683985,-118.4435389,paul
1399509922181,1,34.0683988,-118.4435171,paul
