1399503878590,1,34.0684067,-118.44352
1399503886598,0,1,0
1399503887887,0,0,1
1399503887907,0,8,0
1399503889197,0,0,0
1399503889218,0,17,0
1399503890506,0,0,0
1399503890568,0,-18,0
1399503891816,0,0,0
1399503891872,0,11,0
1399503893124,0,0,0
1399503893158,0,4,0
1399503894431,0,0,0
1399503894456,0,-12,0
1399503895742,0,0,0
1399503898571,1,34.0684085,-118.4435197
1399503920306,1,34.0683817,-118.4435015
1399503939684,1,34.0683784,-118.4435079
1399503959632,1,34.068395,-118.4435027
1399503980578,1,34.0683857,-118.4435064
1399504000659,1,34.0683772,-118.443544
1399504020697,1,34.0683805,-118.44354
1399504041658,1,34.0683892,-118.443535
1399504061684,1,34.068382,-118.4435389
1399504081795,1,34.0683829,-118.4435299
1399504102699,1,34.0683861,-118.4435335
1399504122820,1,34.0684036,-118.4435246
1399504142837,1,34.0684036,-118.4435246
1399504163766,1,34.0683841,-118.4434962
1399504183856,1,34.0683801,-118.4434931
1399504204510,1,34.0683745,-118.4434959
1399504224818,1,34.0683788,-118.4434913
1399504244907,1,34.0683745,-118.4434959
1399504264847,1,34.0683845,-118.4435008
1399504285843,1,34.0683748,-118.443541
1399504305975,1,34.0683747,-118.4435454
1399504325925,1,34.0683727,-118.4435403
1399504346877,1,34.068381,-118.4435329
1399504367024,1,34.0684216,-118.4435192
1399504387005,1,34.0684145,-118.4435081
1399504407943,1,34.0684083,-118.443516
1399504428004,1,34.0684101,-118.4435107
1399504448268,1,34.0683774,-118.4435414
1399504469038,1,34.06841,-118.443513
1399504501725,1,34.0684318,-118.4435308
1399504522650,1,34.0684246,-118.4435324
1399504542749,1,34.0684257,-118.4435356
1399504562793,1,34.068426,-118.4435339
1399504583738,1,34.0684035,-118.4435095
1399504606798,1,34.0684337,-118.4435323
1399504626845,1,34.0684329,-118.4435323
1399504647724,1,34.0684301,-118.4435334
1399504667833,1,34.068435,-118.4435296
1399504687836,1,34.06842,-118.4435566
1399504708793,1,34.0684083,-118.4435085
1399504728879,1,34.0683888,-118.4434954
1399504748885,1,34.0683888,-118.4434952
1399504769829,1,34.0683827,-118.4434922
1399504789977,1,34.0683811,-118.4434998
1399504809985,1,34.0684053,-118.4435114
1399504830907,1,34.0684033,-118.4435027
1399504851020,1,34.0684168,-118.4434847
1399504870983,1,34.0684228,-118.4434854
1399504891910,1,34.0684338,-118.4435096
1399504911990,1,34.068446,-118.4435194
1399504932078,1,34.0684055,-118.4435106
1399504952991,1,34.0684033,-118.4435277
1399504973102,1,34.0683783,-118.4434914
1399504993085,1,34.0683821,-118.4434883
1399505014048,1,34.0683844,-118.4434957
1399505037101,1,34.0683752,-118.4434977
1399505060178,1,34.0683966,-118.4434988
1399505081118,1,34.0683892,-118.443509
1399505101191,1,34.0683894,-118.4434927
1399505121244,1,34.0684271,-118.4435056
1399505142127,1,34.068419,-118.4434831
1399505162215,1,34.068419,-118.4434951
1399505182204,1,34.0684021,-118.4434916
1399505203176,1,34.0683848,-118.4435087
1399505223203,1,34.0683842,-118.4435215
1399505243350,1,34.068393,-118.4435086
1399505264202,1,34.0684085,-118.4435131
1399505284300,1,34.068434,-118.4434932
1399505304275,1,34.0684314,-118.4435041
1399505325252,1,34.0684111,-118.443496
1399505345408,1,34.0684146,-118.4435071
1399505365405,1,34.0684304,-118.4435157
1399505386366,1,34.0684182,-118.4435291
1399505406363,1,34.0684292,-118.4435256
1399505426385,1,34.0684258,-118.4435212
1399505447362,1,34.0684237,-118.4435288
1399505467417,1,34.0683846,-118.4435132
1399505487528,1,34.068385,-118.4435065
1399505508450,1,34.0684245,-118.4435106
1399505528483,1,34.0684206,-118.4435164
1399505548571,1,34.0684276,-118.4435204
1399505570111,1,34.0684277,-118.4435244
1399505589544,1,34.0684017,-118.443516
1399505609572,1,34.0684238,-118.4435333
1399505630543,1,34.0684342,-118.443536
1399505679734,1,34.0684356,-118.4435154
1399505694468,0,-1,0
1399505695759,0,0,0
1399505695791,0,-1,0
1399505697067,0,0,0
1399505697088,0,-9,0
1399505698374,0,0,0
1399505698420,0,-4,0
1399505699711,0,0,0
1399505699830,0,5,0
