1399507864546,0,0,0
1399507864565,0,31,0
1399507865854,0,0,0
1399507865910,0,-3,0
1399507867162,0,0,0
1399507867220,0,8,0
1399507868470,0,0,2
1399507868498,0,23,0
1399507869792,0,0,3
1399507869800,0,49,0
1399507864546,0,0,0
1399507864565,0,31,0
1399507865854,0,0,0
1399507865910,0,-3,0
1399507867162,0,0,0
1399507867220,0,8,0
1399507868470,0,0,2
1399507868498,0,23,0
1399507869792,0,0,3
1399507869800,0,49,0
1399507877637,0,0,0
1399507878200,0,1,0
1399507879489,0,0,0
1399507879628,0,-1,0
1399507880919,0,0,0
1399507880940,0,-14,0
1399507864546,0,0,0
1399507864565,0,31,0
1399507865854,0,0,0
1399507865910,0,-3,0
1399507867162,0,0,0
1399507867220,0,8,0
1399507868470,0,0,2
1399507868498,0,23,0
1399507869792,0,0,3
1399507869800,0,49,0
1399507877637,0,0,0
1399507878200,0,1,0
1399507879489,0,0,0
1399507879628,0,-1,0
1399507880919,0,0,0
1399507880940,0,-14,0
1399507939832,0,0,0
1399507939979,0,1,0
1399507939981,1,34.0683778,-118.443526
1399507941222,0,0,0
1399507941248,0,4,0
1399507871090,0,0,5
1399507871120,0,-13,0
1399507872398,0,0,5
1399507872421,0,-4,0
1399507873708,0,0,0
1399507873740,0,-48,0
1399507875018,0,0,0
1399507875038,0,-3,0
1399507876327,0,0,0
1399507876347,0,2,0
1399507871090,0,0,5
1399507871120,0,-13,0
1399507872398,0,0,5
1399507872421,0,-4,0
1399507873708,0,0,0
1399507873740,0,-48,0
1399507875018,0,0,0
1399507875038,0,-3,0
1399507876327,0,0,0
1399507876347,0,2,0
1399507939832,0,0,0
1399507939979,0,1,0
1399507939981,1,34.0683778,-118.443526
1399507941222,0,0,0
1399507941248,0,4,0
1399507942531,0,0,0
1399507942554,0,3,0
1399507943840,0,0,0
1399507943861,0,-22,0
1399507945150,0,0,0
1399507871090,0,0,5
1399507871120,0,-13,0
1399507872398,0,0,5
1399507872421,0,-4,0
1399507873708,0,0,0
1399507873740,0,-48,0
1399507875018,0,0,0
1399507875038,0,-3,0
1399507876327,0,0,0
1399507876347,0,2,0
1399507939832,0,0,0
1399507939979,0,1,0
1399507939981,1,34.0683778,-118.443526
1399507941222,0,0,0
1399507941248,0,4,0
1399507942531,0,0,0
1399507942554,0,3,0
1399507943840,0,0,0
1399507943861,0,-22,0
1399507945150,0,0,0
1399507945185,0,4,0
1399507946460,0,0,0
1399507946480,0,-2,0
1399507947769,0,0,0
1399507947789,0,6,0
1399507949078,0,0,0
1399507949099,0,-6,0
