1399505801798,1,34.0683818,-118.4435647
1399505821954,1,34.068388,-118.4435386
1399505841936,1,34.0683786,-118.4435287
1399505862896,1,34.0683991,-118.443513
1399505883005,1,34.0684246,-118.4434947
1399505902974,1,34.0684061,-118.4434978
1399505924048,1,34.0683949,-118.4435173
1399505944057,1,34.0684279,-118.4435425
1399505964069,1,34.0684245,-118.4435538
1399505984993,1,34.0684323,-118.4435484
1399506005075,1,34.0684203,-118.443552
1399506025035,1,34.0684326,-118.4435484
1399506048889,1,34.0684104,-118.4435638
1399506072153,1,34.0684149,-118.4435686
1399506092239,1,34.0683781,-118.4435552
1399506113115,1,34.0684228,-118.443531
1399506133304,1,34.0684404,-118.4435308
1399506153409,1,34.0684428,-118.4435563
1399506174306,1,34.0684221,-118.4435585
1399506194421,1,34.0684234,-118.4435613
1399506214488,1,34.068425,-118.4435502
1399506237685,1,34.0684157,-118.4435339
1399506257819,1,34.0684041,-118.4435076
1399506277802,1,34.0683712,-118.4435123
1399506301646,1,34.0683764,-118.4435176
1399506332330,1,34.0683714,-118.4435128
1399506353130,1,34.0683779,-118.443517
1399506373235,1,34.0683731,-118.4435225
1399506393295,1,34.0684133,-118.4435161
1399506414943,1,34.0684183,-118.4435422
1399506434339,1,34.0684301,-118.4435199
1399506454408,1,34.0684234,-118.4435176
1399506475281,1,34.068399,-118.4435179
1399506495369,1,34.068425,-118.4435162
1399506522429,1,34.0684257,-118.4435039
1399506543367,1,34.0684271,-118.4435156
1399506563403,1,34.0684293,-118.4435244
1399506583437,1,34.0684549,-118.4435543
1399506604320,1,34.0684438,-118.4435336
1399506625101,1,34.0684426,-118.4435315
1399506644507,1,34.0684403,-118.4435412
1399506665374,1,34.068413,-118.4435175
1399506685536,1,34.0684065,-118.4435131
1399506705503,1,34.0683671,-118.4435246
1399506726478,1,34.0684167,-118.443496
1399506746525,1,34.068422,-118.443498
1399506766548,1,34.0684261,-118.4434943
1399506787513,1,34.0684423,-118.4434918
1399506807530,1,34.068441,-118.4434987
1399506827591,1,34.0684236,-118.4434971
1399506848606,1,34.0684274,-118.4434974
1399506868627,1,34.0684318,-118.4435058
1399506888694,1,34.0683791,-118.4435297
1399506909597,1,34.0684233,-118.4435414
1399506929684,1,34.0684274,-118.4435418
1399506949716,1,34.0684439,-118.4435427
1399506970628,1,34.0684509,-118.4435198
1399506990698,1,34.0684407,-118.4435274
1399507010738,1,34.0684409,-118.4435273
1399507031694,1,34.0684386,-118.4435533
