1399076874810,dr,1,0
1399076876098,dr,0,0
1399076881497,dr,1,0
1399076882786,dr,0,0
1399076882840,dr,15,0
1399076884096,dr,0,0
1399076884148,dr,-2,0
1399076885405,dr,0,0
1399076885454,dr,-12,0
1399076886714,dr,0,1
1399076886768,dr,-13,0
1399076888023,dr,0,0
1399076888123,dr,-1,0
1399076889415,dr,0,0
1399076901357,dr,-1,0
1399076902646,dr,0,4
1399076902666,dr,1,0
1399076903955,dr,0,1
1399076903975,dr,-59,0
1399076905264,dr,0,0
1399076905290,dr,-17,0
1399076906577,dr,0,0
1399076906595,dr,41,0
1399076907884,dr,0,0
1399076908186,dr,-1,0
1399076909475,dr,0,0
1399076909493,dr,-1,0
1399076910785,dr,0,0
1399076910803,dr,-20,0
1399076912090,dr,0,1
1399076912111,dr,18,0
1399076913400,dr,0,1
1399076913431,dr,26,0
1399076914709,dr,0,0
1399076914729,dr,-36,0
1399076916022,dr,0,1
1399076916066,dr,-2,0
1399076917331,dr,0,2
1399076917349,dr,58,0
1399076918639,dr,0,1
1399076918660,dr,-22,0
1399076919949,dr,0,1
1399076919969,dr,-21,0
1399076921028,gps,34.06872236,-118.44377078
1399076921263,dr,0,1
1399076921284,dr,39,0
1399076922037,gps,34.06866895,-118.44354154
1399076922567,dr,0,0
1399076922588,dr,26,0
1399076923036,gps,34.06865818,-118.44354755
1399076923877,dr,0,0
1399076923896,dr,6,0
1399076924025,gps,34.06861897,-118.44356573
1399076925028,gps,34.06860604,-118.44357209
1399076925183,dr,0,1
1399076925203,dr,-4,0
1399076926026,gps,34.06858972,-118.44358702
1399076926495,dr,0,0
1399076926515,dr,24,0
1399076927025,gps,34.0685706,-118.44359389
1399076927804,dr,0,0
1399076927824,dr,-5,0
1399076928024,gps,34.06854748,-118.44359429
1399076929023,gps,34.06853444,-118.44359515
1399076929111,dr,0,0
1399076929131,dr,-6,0
1399076930028,gps,34.06852074,-118.44359525
1399076930422,dr,0,0
1399076930442,dr,3,0
1399076931028,gps,34.06851154,-118.44359825
1399076931728,dr,0,0
1399076932020,gps,34.06850889,-118.44360052
1399076933021,gps,34.06850272,-118.44360259
1399076934021,gps,34.0684991,-118.44360446
1399076935026,gps,34.06849939,-118.44360582
1399076936023,gps,34.0684996,-118.44360764
1399076937028,gps,34.0684996,-118.44360907
1399076938051,gps,34.06849961,-118.44360995
1399076939024,gps,34.06849959,-118.44361045
1399076939429,dr,-1,0
1399076940038,gps,34.06849956,-118.4436107
1399076940712,dr,0,0
1399076940733,dr,1,0
1399076941022,gps,34.06849954,-118.44361083
1399076942021,dr,0,2
1399076942024,gps,34.06849953,-118.44361089
1399076943023,gps,34.06849953,-118.44361092
1399076943674,dr,-1,11
1399076944021,gps,34.06849953,-118.44361092
1399076944963,dr,0,3
1399076944986,dr,-61,0
1399076945022,gps,34.0684984,-118.44360897
1399076946019,gps,34.06849715,-118.44360922
1399076946271,dr,0,3
1399076946452,dr,-1,1
1399076947020,gps,34.06849646,-118.4436098
1399076947741,dr,0,4
1399076947765,dr,-27,0
1399076948019,gps,34.06849425,-118.44360909
1399076949037,gps,34.06849278,-118.4436083
1399076949050,dr,0,7
1399076949078,dr,-47,0
1399076950019,gps,34.0684921,-118.44360903
1399076950359,dr,0,2
1399076950380,dr,-34,0
1399076951021,gps,34.0684955,-118.44361331
1399076951669,dr,0,5
1399076951689,dr,9,0
1399076952024,gps,34.06849957,-118.44361767
1399076952978,dr,0,3
1399076952998,dr,7,0
1399076953019,gps,34.06850443,-118.44362052
1399076954020,gps,34.06851012,-118.44362146
1399076954287,dr,0,4
1399076954307,dr,3,1
1399076955021,gps,34.06851917,-118.44361767
1399076955596,dr,0,1
1399076955629,dr,-19,0
1399076956021,gps,34.06852794,-118.44361269
1399076956906,dr,0,0
1399076956932,dr,-45,0
1399076957022,gps,34.06853969,-118.44360449
1399076958026,gps,34.06854891,-118.44359562
1399076958215,dr,0,1
1399076958251,dr,4,0
1399076959038,gps,34.06855712,-118.4435881
1399076959532,dr,0,1
1399076959550,dr,-9,0
1399076960067,gps,34.06856462,-118.44358425
1399076960834,dr,0,0
1399076960856,dr,-21,0
1399076961037,gps,34.06857081,-118.443583
1399076962038,gps,34.06857661,-118.44358292
1399076962144,dr,0,0
1399076962163,dr,-21,0
1399076963049,gps,34.0685817,-118.44357704
1399076963452,dr,0,0
1399076963473,dr,1,0
1399076964044,gps,34.06858554,-118.443571
1399076964764,dr,0,0
1399076964782,dr,14,0
1399076965038,gps,34.06858863,-118.44356584
1399076966025,gps,34.06859208,-118.44356235
1399076966074,dr,0,1
1399076966093,dr,-44,0
1399076967035,gps,34.06859585,-118.44355736
1399076967380,dr,0,0
1399076967442,dr,-22,0
1399076968036,gps,34.06859925,-118.44355213
1399076968691,dr,0,0
1399076968731,dr,-42,0
1399076969042,gps,34.06860271,-118.44354705
1399076970001,dr,0,0
1399076970018,dr,22,0
1399076970049,gps,34.06860627,-118.44354435
1399076971101,gps,34.06860998,-118.44354212
1399076971307,dr,0,0
1399076971338,dr,-14,0
1399076972034,gps,34.068613,-118.44353993
1399076972619,dr,0,0
1399076972668,dr,-23,0
1399076973040,gps,34.06861594,-118.44353757
1399076973927,dr,0,0
1399076973973,dr,-2,0
1399076974037,gps,34.06861921,-118.44353523
1399076975030,gps,34.06862245,-118.44353282
1399076975234,dr,0,0
1399076975256,dr,1,0
1399076976030,gps,34.06862679,-118.44353149
1399076976547,dr,0,0
1399076976625,dr,-1,0
1399076977030,gps,34.06863094,-118.44353029
1399076977916,dr,0,1
1399076977960,dr,-3,0
1399076978022,gps,34.06863572,-118.44352862
1399076979029,gps,34.06864181,-118.44352903
1399076979233,dr,0,0
1399076979243,dr,-8,0
1399076980029,gps,34.06864775,-118.44352949
1399076980533,dr,0,0
1399076980565,dr,-3,0
1399076981078,gps,34.06865354,-118.44353001
1399076981841,dr,0,2
1399076981867,dr,48,0
1399076983236,dr,0,2
1399076983237,dr,22,0
1399076984460,dr,0,0
1399076984480,dr,2,0
1399076985769,dr,0,0
1399076985797,dr,2,0
1399076987079,dr,0,0
1399076987216,dr,-1,0
1399076988488,dr,0,0
1399076988515,dr,2,0
1399076989797,dr,0,0
1399076989846,dr,-4,0
1399076991106,dr,0,3
1399076991155,dr,17,1
1399076992417,dr,0,4
1399076992471,dr,26,0
1399076993725,dr,0,2
1399076993781,dr,3,0
1399076993725,dr,0,2
1399076993781,dr,3,0
