1399075689616,dr,-15,0
1399075690905,dr,0,1
1399075690927,dr,-13,0
1399075692214,dr,0,1
1399075692262,dr,-5,0
1399075693525,dr,0,0
1399075911275,dr,1,1
1399075912564,dr,0,1
1399075912585,dr,-10,0
1399075913874,dr,0,0
1399076196984,dr,-1,0
1399076198273,dr,0,0
1399076198293,dr,-2,0
1399076199583,dr,0,0
1399076199683,dr,-1,0
1399076200972,dr,0,3
1399076200992,dr,17,0
1399076202281,dr,0,5
1399076202301,dr,25,0
1399076203590,dr,0,2
1399076203611,dr,-3,0
1399076204900,dr,0,3
1399076204920,dr,1,0
1399076206209,dr,0,0
1399076206229,dr,1,0
1399076207518,dr,0,0
1399076209834,dr,-1,1
1399076211123,dr,0,0
1399076211142,dr,-2,0
1399076212433,dr,0,0
1399076251527,dr,-1,0
1399076252817,dr,0,0
1399076381582,dr,1,0
1399076382871,dr,0,1
1399076382891,dr,-2,0
1399076384180,dr,0,0
1399076384200,dr,-4,0
1399076385488,dr,0,1
1399076385569,dr,1,0
1399076386858,dr,0,0
1399076386878,dr,-7,0
1399076388491,dr,0,0
1399076388514,dr,20,0
1399076389813,dr,0,1
1399076389940,dr,-1,0
1399076391229,dr,0,0
1399076391256,dr,-26,0
1399076392538,dr,0,0
1399076392563,dr,-40,0
1399076393851,dr,0,0
1399076393870,dr,-5,0
1399076395159,dr,0,1
1399076395179,dr,19,0
1399076396468,dr,0,0
1399076396522,dr,44,0
1399076397778,dr,0,0
1399076397796,dr,-22,0
1399076399090,dr,0,0
1399076399106,dr,-22,1
1399076400396,dr,0,0
1399076400414,dr,-54,0
1399076401704,dr,0,1
1399076401734,dr,12,0
1399076403013,dr,0,0
1399076403045,dr,65,0
1399076404324,dr,0,0
1399076404344,dr,7,0
1399076405633,dr,0,4
1399076405661,dr,-32,0
1399076406950,dr,0,4
1399076406959,dr,22,0
1399076408248,dr,0,2
1399076408273,dr,16,0
1399076409558,dr,0,5
1399076409581,dr,13,0
1399076410867,dr,0,4
1399076410896,dr,24,0
1399076412176,dr,0,8
1399076412204,dr,-2,1
1399076413485,dr,0,8
1399076413513,dr,-3,0
1399076414794,dr,0,8
1399076414818,dr,48,0
1399076416103,dr,0,3
1399076416126,dr,108,0
1399076417412,dr,0,1
1399076417440,dr,14,0
1399076418722,dr,0,6
1399076418748,dr,-14,0
1399076420031,dr,0,5
1399076420071,dr,1,0
1399076421371,dr,0,10
1399076421381,dr,3,0
1399076422669,dr,0,9
1399076422695,dr,-10,0
1399076423979,dr,0,7
1399076423999,dr,-37,0
1399076425288,dr,0,6
1399076425308,dr,-3,0
1399076426597,dr,0,7
1399076426618,dr,29,0
1399076427906,dr,0,3
1399076427927,dr,23,0
1399076429216,dr,0,7
1399076429243,dr,-9,0
1399076430525,dr,0,8
1399076430545,dr,-1,0
1399076431834,dr,0,10
1399076431854,dr,-4,0
1399076433158,dr,0,10
1399076433164,dr,-1,0
1399076434453,dr,0,7
1399076434480,dr,9,0
1399076435762,dr,0,5
1399076435785,dr,9,0
1399076437071,dr,0,8
1399076437091,dr,57,0
1399076438380,dr,0,6
1399076438402,dr,-3,1
1399076439689,dr,0,5
