1399508664810,0,-3,0,johndoe
1399508666100,0,0,0,johndoe
1399508666119,0,-2,0,johndoe
1399508667408,0,0,0,johndoe
1399508667428,0,-7,0,johndoe
1399508668718,0,0,0,johndoe
1399508668751,0,-55,0,johndoe
1399508670027,0,0,0,johndoe
1399508679389,1,34.0683886,-118.4435511,johndoe
1399508699398,1,34.0684013,-118.4435418,johndoe
1399508719493,1,34.0683646,-118.4435499,johndoe
1399508727912,0,1,0,johndoe
1399508729201,0,0,0,johndoe
1399508729245,0,14,0,johndoe
1399508730511,0,0,0,johndoe
1399508730541,0,54,0,johndoe
1399508731820,0,0,0,johndoe
1399508731843,0,-8,0,johndoe
1399508733129,0,0,0,johndoe
1399508734317,0,-1,0,johndoe
1399508735606,0,0,0,johndoe
1399508735627,0,1,0,johndoe
1399508736916,0,0,0,johndoe
1399508736936,0,3,0,johndoe
1399508738242,0,0,0,johndoe
1399508739776,0,-1,0,johndoe
1399508740437,1,34.068379,-118.4435331,johndoe
1399508741065,0,0,0,johndoe
1399508744307,0,-1,0,paul
1399508745597,0,0,0,paul
1399508745620,0,61,0,paul
1399508746907,0,0,0,paul
1399508746928,0,24,0,paul
1399508748215,0,0,0,paul
1399508748236,0,-85,0,paul
1399508749527,0,0,0,paul
1399508749592,0,1,0,paul
1399508750837,0,0,0,paul
1399508750892,0,65,0,paul
1399508752143,0,0,0,paul
1399508752167,0,-66,0,paul
1399508753453,0,0,0,paul
1399508753511,0,69,0,paul
1399508754762,0,0,0,paul
1399508754820,0,-72,0,paul
1399508756072,0,0,0,paul
1399508756595,0,1,0,paul
1399508757884,0,0,0,paul
1399508760466,1,34.0683588,-118.4435449,paul
1399508762094,0,1,0,paul
1399508763383,0,0,0,paul
1399508763403,0,95,0,paul
1399508764693,0,0,0,paul
1399508764752,0,-2,0,paul
1399508766000,0,0,0,paul
1399508766044,0,-112,0,paul
1399508767313,0,0,0,paul
1399508767336,0,-4,0,paul
1399508768618,0,0,7,paul
1399508768860,0,1,1,paul
1399508763383,0,0,0,paul
1399508763403,0,95,0,paul
1399508764693,0,0,0,paul
1399508764752,0,-2,0,paul
1399508766000,0,0,0,paul
1399508766044,0,-112,0,paul
1399508767313,0,0,0,paul
1399508767336,0,-4,0,paul
1399508768618,0,0,7,paul
1399508768860,0,1,1,paul
1399508777965,0,0,0,paul
1399508770149,0,0,5,paul
1399508770171,0,108,0,paul
1399508771458,0,0,4,paul
1399508771483,0,-93,0,paul
1399508772768,0,0,6,paul
1399508772788,0,-2,0,paul
1399508774077,0,0,0,paul
1399508774099,0,6,0,paul
1399508775386,0,0,0,paul
1399508776677,0,-1,0,paul
