1399498755415,gps,34.0683827,-118.4435619
1399498759916,dr,1,0
1399498761207,dr,0,0
1399498761263,dr,-3,0
1399498762514,dr,0,0
1399498762544,dr,-5,0
1399498763823,dr,0,0
1399498763843,dr,10,0
1399498765132,dr,0,0
1399498765154,dr,-2,0
1399498766442,dr,0,0
1399498766469,dr,-4,0
1399498767751,dr,0,0
1399498767770,dr,1,0
1399498769059,dr,0,0
1399498770373,dr,1,0
1399498771658,dr,0,0
1399498771678,dr,1,0
1399498772968,dr,0,0
1399498772988,dr,1,0
1399498774278,dr,0,0
1399498775534,gps,34.0683743,-118.4435609
1399498782192,dr,-1,0
1399498783482,dr,0,0
1399498783501,dr,-11,0
1399498784789,dr,0,0
1399498784817,dr,14,0
1399498786101,dr,0,0
1399498786131,dr,-4,0
1399498787410,dr,0,0
1399498787466,dr,-12,0
1399498788719,dr,0,0
1399498788750,dr,2,0
1399498790027,dr,0,0
1399498790089,dr,4,0
1399498791336,dr,0,0
1399498796503,gps,34.0684286,-118.4435504
1399498797983,dr,-1,0
1399498799271,dr,0,0
1399498799291,dr,-10,0
1399498800582,dr,0,0
1399498800609,dr,10,0
1399498801890,dr,0,0
1399498801910,dr,-6,0
1399498803200,dr,0,0
1399498816573,gps,34.0684244,-118.4435497
1399498819815,dr,1,0
1399498821104,dr,0,0
1399498821126,dr,4,0
1399498822414,dr,0,0
1399498822434,dr,4,0
1399498823723,dr,0,0
1399498832263,dr,-1,0
1399498833552,dr,0,0
1399498833572,dr,-9,0
1399498834862,dr,0,0
1399498834883,dr,8,0
1399498836172,dr,0,0
1399498836192,dr,-4,0
1399498836587,gps,34.0684227,-118.4435573
1399498837481,dr,0,0
1399498837503,dr,-4,0
1399498838790,dr,0,0
1399498838810,dr,11,0
1399498840099,dr,0,0
1399498840152,dr,-4,0
1399498841409,dr,0,0
1399498841429,dr,-2,0
1399498842718,dr,0,0
1399498842738,dr,-2,0
1399498844029,dr,0,0
1399498844052,dr,-1,0
1399498845337,dr,0,0
1399498845371,dr,6,0
1399498846646,dr,0,0
1399498846701,dr,-6,0
1399498847955,dr,0,0
1399498848015,dr,-1,0
1399498849304,dr,0,0
1399498849324,dr,2,0
1399498850613,dr,0,0
1399498850635,dr,-5,0
1399498851923,dr,0,0
1399498851943,dr,-3,0
1399498853233,dr,0,0
1399498853291,dr,11,0
1399498854541,dr,0,0
1399498854598,dr,-11,0
1399498855850,dr,0,0
1399498855908,dr,6,0
1399498857159,dr,0,0
1399498857200,dr,1,0
1399498857610,gps,34.0684096,-118.4435423
1399498858468,dr,0,0
1399498858950,dr,1,0
1399498860239,dr,0,0
1399498860260,dr,1,0
1399498861550,dr,0,0
1399498861607,dr,-2,0
1399498862860,dr,0,0
1399498862904,dr,2,0
1399498864168,dr,0,0
1399498867009,dr,1,0
1399498868298,dr,0,0
1399498874783,dr,-1,0
1399498876073,dr,0,0
1399498877622,gps,34.0684077,-118.4435008
1399498880483,dr,-1,0
1399498881772,dr,0,0
1399498897639,gps,34.0684031,-118.4434972
1399498913356,dr,-1,0
1399498914643,dr,0,0
1399498914663,dr,-1,0
1399498915953,dr,0,0
1399498918596,gps,34.0683929,-118.4435104
1399498934886,dr,1,0
1399498936176,dr,0,0
1399498936395,dr,-1,0
1399498937686,dr,0,0
1399498937747,dr,-1,0
1399498938676,gps,34.0683829,-118.443514
1399498938993,dr,0,0
1399498958659,gps,34.0684026,-118.4435226
1399498979637,gps,34.0683857,-118.4435445
1399498999697,gps,34.0683645,-118.4435597
1399499019720,gps,34.068375,-118.4435488
1399499040695,gps,34.0683633,-118.4435365
1399499048202,dr,-1,0
1399499049492,dr,0,0
1399499060733,gps,34.0683472,-118.443558
1399499080713,gps,34.0683663,-118.4435326
1399499100086,dr,1,0
1399499100727,gps,34.0683902,-118.4435453
1399499101375,dr,0,0
1399499101399,dr,1,0
1399499102685,dr,0,0
1399499103129,dr,-1,0
1399499104418,dr,0,0
1399499120825,gps,34.068417,-118.4434934
1399499126573,dr,1,0
1399499127863,dr,0,0
1399499127884,dr,16,0
1399499129171,dr,0,0
1399499129209,dr,-10,0
1399499130481,dr,0,0
1399499130538,dr,7,0
1399499131790,dr,0,0
1399499131811,dr,-2,0
1399499133099,dr,0,0
1399499140822,gps,34.0683825,-118.4435309
1399499146957,dr,-1,0
1399499148245,dr,0,0
1399499154933,dr,-1,0
1399499156222,dr,0,0
1399499156242,dr,-2,0
1399499157531,dr,0,0
1399499157551,dr,-1,0
1399499158841,dr,0,0
1399499159968,dr,-1,0
1399499161257,dr,0,0
1399499163453,dr,-1,0
1399499164742,dr,0,0
1399499165365,dr,1,0
1399499166655,dr,0,0
1399499170753,gps,34.0683918,-118.4435196
1399499190729,gps,34.0684051,-118.4435141
1399499210702,gps,34.0684088,-118.4435592
1399499231679,gps,34.0684182,-118.4435682
1399499243979,dr,-1,0
1399499245268,dr,0,0
1399499252040,gps,34.0684349,-118.4435679
1399499271854,gps,34.0684392,-118.4435601
1399499282892,dr,1,0
1399499284181,dr,0,0
1399499284239,dr,-9,0
1399499285490,dr,0,0
1399499285550,dr,-1,0
1399499286800,dr,0,0
1399499287465,dr,1,0
1399499288754,dr,0,0
1399499288774,dr,-1,0
1399499290063,dr,0,0
1399499292802,gps,34.0684353,-118.443543
1399499293163,dr,-1,0
1399499294455,dr,0,0
1399499294474,dr,-1,0
1399499295761,dr,0,0
1399499324445,gps,34.068427,-118.4435352
1399499338664,dr,-1,0
1399499339954,dr,0,0
1399499340034,dr,1,0
1399499341263,dr,0,0
1399499345465,gps,34.0684265,-118.4435521
1399499354313,dr,-1,0
1399499355603,dr,0,0
1399499355661,dr,1,0
1399499356913,dr,0,0
1399499356934,dr,4,0
1399499358222,dr,0,0
1399499358272,dr,-5,0
1399499359532,dr,0,0
1399499359557,dr,-1,0
1399499360841,dr,0,0
1399499365436,gps,34.0683819,-118.4435288
1399499376008,dr,-1,0
1399499377296,dr,0,0
1399499382937,dr,1,0
1399499384226,dr,0,0
1399499384607,dr,1,0
1399499385556,gps,34.0683689,-118.4435393
1399499385895,dr,0,0
1399499393269,dr,1,0
1399499394558,dr,0,0
1399499394577,dr,3,0
1399499395867,dr,0,0
1399499396733,dr,-1,0
1399499398022,dr,0,0
1399499398073,dr,-1,0
1399499399331,dr,0,0
1399499403883,dr,1,0
1399499405171,dr,0,0
1399499406499,gps,34.0683655,-118.4435371
1399499410348,dr,-1,0
1399499411638,dr,0,0
1399499415203,dr,1,0
1399499416492,dr,0,0
1399499416518,dr,-1,0
1399499417799,dr,0,0
1399499426566,gps,34.0683938,-118.4435338
1399499446018,dr,1,0
1399499446559,gps,34.0683552,-118.4435502
1399499447307,dr,0,0
1399499447328,dr,1,0
1399499448616,dr,0,0
1399499458507,dr,-1,0
1399499459797,dr,0,0
1399499459851,dr,-1,0
1399499461105,dr,0,0
1399499466261,dr,1,0
1399499467550,dr,0,0
1399499467633,dr,9,0
1399499467657,gps,34.0683853,-118.4435295
1399499468860,dr,0,0
1399499468936,dr,3,0
1399499470168,dr,0,0
1399499470192,dr,-11,0
1399499471479,dr,0,0
1399499478388,dr,-1,0
1399499479676,dr,0,0
1399499487731,gps,34.0683839,-118.4435381
1399499487932,dr,-1,0
1399499489223,dr,0,0
1399499489272,dr,-3,0
1399499490532,dr,0,0
1399499490552,dr,4,0
1399499491841,dr,0,0
1399499493815,dr,-1,0
1399499495104,dr,0,0
1399499495165,dr,1,0
1399499496454,dr,0,0
1399499500924,dr,1,0
1399499502214,dr,0,0
1399499502356,dr,-1,0
1399499503645,dr,0,0
1399499507785,gps,34.0684054,-118.4435337
1399499514440,dr,-1,0
1399499515729,dr,0,0
1399499515760,dr,-7,0
1399499517039,dr,0,0
1399499517059,dr,6,0
1399499518346,dr,0,0
1399499528793,gps,34.0683845,-118.4435453
1399499546123,dr,1,0
1399499547412,dr,0,0
1399499547481,dr,-6,0
1399499548720,dr,0,0
1399499548745,dr,4,0
1399499548746,gps,34.0683922,-118.4435403
1399499550030,dr,0,0
1399499550998,dr,-1,0
1399499552286,dr,0,0
1399499553232,dr,-1,0
1399499554521,dr,0,0
1399499568772,gps,34.0683944,-118.4435485
1399499575590,dr,-1,0
1399499576879,dr,0,0
1399499577181,dr,1,0
1399499578470,dr,0,0
1399499588821,gps,34.0683682,-118.4435679
1399499609865,gps,34.0683695,-118.4435713
1399499610152,dr,-1,0
1399499611441,dr,0,0
1399499611473,dr,1,0
1399499612750,dr,0,0
1399499612770,dr,-2,0
1399499614061,dr,0,0
1399499629509,dr,1,0
1399499629801,gps,34.0683753,-118.4435507
1399499630798,dr,0,0
1399499649827,gps,34.0683902,-118.4435547
1399499670897,gps,34.0683526,-118.4435581
1399499690874,gps,34.0683598,-118.4435525
1399499708263,dr,1,0
1399499709552,dr,0,0
1399499709596,dr,3,0
1399499710862,dr,0,0
1399499710931,dr,-2,0
1399499710966,gps,34.0683575,-118.4435603
1399499712170,dr,0,0
1399499730962,gps,34.0683519,-118.4435605
1399499752114,gps,34.0683578,-118.4435539
1399499772156,gps,34.0683981,-118.4435663
1399499792177,gps,34.0683724,-118.443576
1399499820835,gps,34.0683635,-118.4435985
1399499840914,gps,34.0684183,-118.4435514
1399499860882,gps,34.0684126,-118.443553
1399499881923,gps,34.0683751,-118.4435566
1399499901833,gps,34.0683691,-118.4435535
1399499922057,gps,34.0683987,-118.4435638
1399499942796,gps,34.0684027,-118.4435591
1399499951473,dr,1,0
1399499952762,dr,0,0
1399499952821,dr,32,0
1399499954087,dr,0,0
1399499954097,dr,14,0
1399499955381,dr,0,0
1399499955442,dr,-8,0
1399499956690,dr,0,0
1399499956751,dr,-2,0
1399499957998,dr,0,0
1399499958056,dr,-4,0
1399499959308,dr,0,0
1399499959363,dr,-2,0
1399499960617,dr,0,0
1399499960671,dr,-1,0
1399499961926,dr,0,0
1399499962934,gps,34.0684085,-118.4435802
1399499983015,gps,34.068397,-118.4435797
1399500004016,gps,34.0683668,-118.4435775
1399500023948,gps,34.0683621,-118.4435745
1399500044039,gps,34.0683455,-118.4435923
1399500070701,gps,34.0683726,-118.443557
1399500090662,gps,34.0683979,-118.4435625
1399500110802,gps,34.0683886,-118.4435592
1399500119010,dr,1,0
1399500120299,dr,0,0
1399500120352,dr,8,0
1399500121609,dr,0,0
1399500121661,dr,1,0
1399500122918,dr,0,0
1399500122973,dr,2,0
1399500124227,dr,0,0
1399500131805,gps,34.068393,-118.4435691
1399500151798,gps,34.0683942,-118.4435491
1399500169949,dr,-1,0
1399500171236,dr,0,0
1399500171620,dr,1,0
1399500171779,gps,34.068393,-118.443548
1399500172909,dr,0,0
1399500172966,dr,2,0
1399500174220,dr,0,0
1399500174240,dr,-3,0
1399500175528,dr,0,0
1399500175585,dr,-5,0
1399500176836,dr,0,0
1399500176868,dr,-2,0
1399500178148,dr,0,0
1399500198352,gps,34.0683887,-118.4435605
1399500224466,gps,34.0683976,-118.4435487
1399500244518,gps,34.0683818,-118.4435471
1399500265394,gps,34.0683816,-118.4435455
1399500285478,gps,34.0684158,-118.4435498
1399500305566,gps,34.0684004,-118.4435302
1399500326105,dr,-1,0
1399500326448,gps,34.068399,-118.4435313
1399500327397,dr,0,0
1399500327483,dr,6,0
1399500328705,dr,0,0
1399500328747,dr,11,0
1399500330013,dr,0,0
1399500330658,dr,1,0
1399500331948,dr,0,0
1399500332209,dr,-1,0
1399500333498,dr,0,0
1399500333559,dr,-1,0
1399500334808,dr,0,0
1399500334892,dr,3,0
1399500336119,dr,0,0
1399500336142,dr,3,0
1399500337426,dr,0,0
1399500337457,dr,-3,0
1399500338737,dr,0,0
1399500338755,dr,1,0
1399500340043,dr,0,0
1399500346636,gps,34.0683844,-118.4435386
1399500351062,dr,-1,0
1399500352351,dr,0,0
1399500352371,dr,1,0
1399500353660,dr,0,0
1399500354063,dr,1,0
1399500355352,dr,0,0
1399500357770,dr,1,0
1399500359057,dr,0,0
1399500366567,gps,34.0683665,-118.4435444
1399500386596,gps,34.0683876,-118.4435721
1399500407630,gps,34.0683675,-118.443588
1399500427536,gps,34.0683773,-118.4435667
1399500447667,gps,34.0683962,-118.4435681
1399500467677,gps,34.0683679,-118.443575
1399500489362,gps,34.068388,-118.4435433
1399500508700,gps,34.068388,-118.4435336
1399500528759,gps,34.0683807,-118.4435387
1399500548697,gps,34.0683583,-118.4435746
1399500568819,gps,34.0683417,-118.4435688
1399500588782,gps,34.0683474,-118.4435761
1399500609836,gps,34.0683461,-118.4435883
1399500629878,gps,34.0683557,-118.4435833
1399500644041,dr,-1,0
1399500645331,dr,0,0
1399500645392,dr,1,0
1399500646640,dr,0,0
1399500649774,gps,34.0683773,-118.4435581
1399500670873,gps,34.0683741,-118.4435713
1399500684639,dr,1,0
1399500685855,dr,0,0
1399500690894,gps,34.068377,-118.4435654
1399500710885,gps,34.0683787,-118.4435544
1399500731936,gps,34.0683811,-118.4435575
1399500751936,gps,34.0683797,-118.4435647
1399500771896,gps,34.0683736,-118.4435884
1399500792960,gps,34.0684079,-118.4435471
1399500812986,gps,34.0684203,-118.4435786
1399500815850,dr,1,0
1399500817139,dr,0,0
1399500822194,dr,-1,0
1399500823483,dr,0,0
1399500833006,gps,34.0683981,-118.4435622
1399500853984,gps,34.0683969,-118.4435647
1399500872971,dr,1,0
1399500874044,gps,34.0683847,-118.4435898
1399500874259,dr,0,0
1399500901725,gps,34.0683783,-118.443572
1399500922718,gps,34.0683397,-118.4436058
1399500931019,dr,1,0
1399500932308,dr,0,0
1399500932363,dr,-1,0
1399500933638,dr,0,0
1399500933797,dr,1,0
1399500935088,dr,0,0
1399500935529,dr,1,0
1399500936820,dr,0,0
1399500936840,dr,-5,0
1399500938130,dr,0,0
1399500938251,dr,1,0
1399500939540,dr,0,0
1399500939605,dr,1,0
1399500940849,dr,0,0
1399500943325,gps,34.0683306,-118.4435969
1399500962715,gps,34.0683558,-118.4435978
1399500981253,dr,1,0
1399500982542,dr,0,0
1399500982883,dr,-1,0
1399500983872,gps,34.0683574,-118.4435941
1399500984171,dr,0,0
1399500992129,dr,1,0
1399500993418,dr,0,0
1399500993473,dr,-1,0
1399500994727,dr,0,0
1399501003916,gps,34.0684198,-118.4435572
1399501007859,dr,1,0
1399501009148,dr,0,0
1399501024040,gps,34.0683657,-118.4436053
1399501035958,dr,-1,0
1399501037246,dr,0,0
1399501037266,dr,-1,0
1399501038556,dr,0,0
1399501038618,dr,1,0
1399501039865,dr,0,0
1399501043970,gps,34.0683762,-118.4435995
1399501064991,gps,34.0683792,-118.4435966
1399501072856,dr,1,0
1399501074147,dr,0,0
1399501085135,gps,34.0684042,-118.4435867
1399501105075,gps,34.0683745,-118.4436103
1399501125053,gps,34.0683774,-118.4436031
1399501125424,dr,-1,0
1399501126716,dr,0,0
1399501126773,dr,2,0
1399501128026,dr,0,0
1399501128080,dr,3,0
1399501129333,dr,0,0
1399501129353,dr,23,0
1399501130642,dr,0,0
1399501130700,dr,9,0
1399501131952,dr,0,0
1399501132009,dr,1,0
1399501133261,dr,0,0
1399501133724,dr,1,0
1399501135013,dr,0,0
1399501146109,gps,34.0683906,-118.4435917
1399501150563,dr,-1,0
1399501151852,dr,0,0
1399501155699,dr,-1,0
1399501156988,dr,0,0
1399501159124,dr,-1,0
1399501160413,dr,0,0
1399501160471,dr,2,0
1399501161721,dr,0,0
1399501161921,dr,-1,0
1399501163212,dr,0,0
1399501164762,dr,1,0
1399501166051,dr,0,0
1399501166091,dr,-2,0
1399501166120,gps,34.0683898,-118.4435976
1399501167361,dr,0,0
1399501167416,dr,-1,0
1399501168670,dr,0,0
1399501171873,dr,1,0
1399501173161,dr,0,0
1399501180957,dr,-1,0
1399501182245,dr,0,0
1399501182266,dr,-1,0
1399501183554,dr,0,0
1399501183655,dr,1,0
1399501184944,dr,0,0
1399501185487,dr,1,0
1399501186118,gps,34.0684272,-118.4435309
1399501186776,dr,0,0
1399501186798,dr,1,0
1399501188088,dr,0,0
1399501188116,dr,2,0
1399501189397,dr,0,0
1399501189416,dr,2,0
1399501190706,dr,0,0
1399501190784,dr,-1,0
1399501192074,dr,0,0
1399501192096,dr,-3,0
1399501193384,dr,0,0
1399501195881,dr,-1,0
1399501197170,dr,0,0
1399501197191,dr,-1,0
1399501198480,dr,0,0
1399501198499,dr,1,0
1399501199789,dr,0,0
1399501199809,dr,-1,0
1399501201098,dr,0,0
1399501207196,gps,34.0684315,-118.4435552
1399501227198,gps,34.0684244,-118.4435486
1399501247166,gps,34.068432,-118.4435586
1399501268912,gps,34.0684412,-118.4435532
1399501278380,dr,1,0
1399501279670,dr,0,0
1399501281362,dr,-1,0
1399501282651,dr,0,0
1399501288934,gps,34.0683807,-118.4435548
1399501308846,gps,34.0683837,-118.4435494
1399501319913,dr,-1,0
1399501321202,dr,0,0
1399501329965,gps,34.0684047,-118.4435761
1399501349955,gps,34.0683913,-118.4435585
1399501369931,gps,34.068419,-118.4435643
1399501391010,gps,34.0684201,-118.4435705
1399501410961,gps,34.0683983,-118.4435693
1399501430998,gps,34.0684228,-118.4435611
1399501438829,dr,-1,0
1399501440117,dr,0,0
1399501440520,dr,-1,0
1399501441810,dr,0,0
1399501441830,dr,-3,0
1399501443119,dr,0,0
1399501443139,dr,1,0
1399501444429,dr,0,0
1399501452366,gps,34.0684141,-118.4435654
1399501471986,gps,34.0683894,-118.4435542
1399501492057,gps,34.0683773,-118.4435471
1399501513125,gps,34.0683861,-118.4435422
1399501514441,dr,-1,0
1399501515729,dr,0,0
1399501532956,dr,1,0
1399501533057,gps,34.0683745,-118.4435341
1399501534239,dr,0,0
1399501544049,dr,-1,0
1399501545338,dr,0,0
1399501545498,dr,1,0
1399501546788,dr,0,0
1399501553078,gps,34.0683916,-118.4435356
1399501558974,dr,1,0
1399501560261,dr,0,0
1399501580266,gps,34.0684238,-118.4435529
1399501600310,gps,34.0684143,-118.443558
1399501610033,dr,-1,0
1399501611322,dr,0,0
1399501611563,dr,1,0
1399501612853,dr,0,0
1399501615592,dr,-1,0
1399501616881,dr,0,0
1399501616938,dr,-3,0
1399501618190,dr,0,0
1399501618241,dr,-3,0
1399501619499,dr,0,0
1399501619551,dr,-6,0
1399501620809,dr,0,0
1399501620828,dr,-5,0
1399501620855,gps,34.0684118,-118.4435685
1399501622118,dr,0,0
1399501622173,dr,-7,0
1399501623426,dr,0,0
1399501623728,dr,1,0
1399501625018,dr,0,0
1399501626206,dr,1,0
1399501627496,dr,0,0
1399501629087,dr,1,0
1399501630377,dr,0,0
1399501630431,dr,2,0
1399501631685,dr,0,0
1399501632249,dr,-1,0
1399501633538,dr,0,0
1399501641179,gps,34.0683711,-118.4436017
1399501651444,dr,1,0
1399501652734,dr,0,0
1399501652791,dr,-1,0
1399501654042,dr,0,0
1399501654586,dr,1,0
1399501655877,dr,0,0
1399501661318,gps,34.0683779,-118.4435792
1399501681337,gps,34.0683707,-118.4435875
1399501702284,gps,34.0683395,-118.4435893
1399501722431,gps,34.0683751,-118.4435683
1399501742395,gps,34.0683757,-118.4435767
1399501763334,gps,34.0683892,-118.4435684
1399501777490,dr,-1,0
1399501778779,dr,0,0
1399501783411,gps,34.068393,-118.4435647
1399501784317,dr,1,0
1399501785606,dr,0,0
1399501803442,gps,34.0683823,-118.4435276
1399501824406,gps,34.068346,-118.4435435
1399501844437,gps,34.0683562,-118.4435427
1399501870857,gps,34.0683676,-118.4435572
1399501891717,gps,34.0683705,-118.4435389
1399501911770,gps,34.0683729,-118.4435372
1399501931834,gps,34.0683667,-118.4435416
1399501939388,dr,-1,0
1399501940677,dr,0,0
1399501940733,dr,7,0
1399501941986,dr,0,0
1399501942043,dr,-11,0
1399501943296,dr,0,0
1399501943353,dr,10,0
1399501944606,dr,0,0
1399501944625,dr,-6,0
1399501945914,dr,0,0
1399501945974,dr,-1,0
1399501947222,dr,0,0
1399501947242,dr,4,0
1399501948533,dr,0,0
1399501953153,gps,34.0683443,-118.4435602
1399501972893,gps,34.0683399,-118.4435627
1399501998533,gps,34.0683448,-118.4435495
1399502024474,gps,34.0683587,-118.4435358
1399502044464,gps,34.0683413,-118.4435921
1399502051115,dr,1,0
1399502052403,dr,0,0
1399502059090,dr,-1,0
1399502060380,dr,0,0
1399502062272,dr,-1,0
1399502063561,dr,0,0
1399502063843,dr,1,0
1399502064472,gps,34.0683768,-118.4435489
1399502065134,dr,0,0
1399502085434,gps,34.0683816,-118.4435639
1399502100318,dr,-1,0
1399502101609,dr,0,0
1399502101669,dr,-1,0
1399502102918,dr,0,0
1399502102970,dr,3,0
1399502104227,dr,0,0
1399502105453,gps,34.0683716,-118.4435884
1399502122214,dr,-1,0
1399502123503,dr,0,0
1399502123559,dr,-1,0
1399502124817,dr,0,0
1399502125495,gps,34.0683679,-118.4436006
1399502128398,dr,-1,0
1399502129686,dr,0,0
1399502129706,dr,-4,0
1399502130996,dr,0,0
1399502131802,dr,-1,0
1399502133092,dr,0,0
1399502146081,dr,-1,0
1399502146520,gps,34.068366,-118.4436021
1399502147370,dr,0,0
1399502147403,dr,-5,0
1399502148679,dr,0,0
1399502148703,dr,-1,0
1399502149989,dr,0,0
1399502152688,dr,-1,0
1399502153976,dr,0,0
1399502153998,dr,-4,0
1399502155285,dr,0,0
1399502155305,dr,-1,0
1399502156597,dr,0,0
1399502165719,dr,-1,0
1399502166545,gps,34.0683806,-118.4435919
1399502167009,dr,0,0
1399502167038,dr,-8,0
1399502168320,dr,0,0
1399502168459,dr,-1,0
1399502169749,dr,0,10
1399502169783,dr,-152,0
1399502171058,dr,0,0
1399502171084,dr,-1,0
1399502172365,dr,0,0
1399502172407,dr,-23,0
1399502173674,dr,0,0
1399502173714,dr,-1,0
1399502175004,dr,0,1
1399502175034,dr,-18,0
1399502176313,dr,0,0
1399502176338,dr,-30,0
1399502177622,dr,0,0
1399502177649,dr,-58,0
1399502178931,dr,0,0
1399502178965,dr,-11,0
1399502180240,dr,0,0
1399502180261,dr,-24,0
1399502181550,dr,0,3
1399502181586,dr,8,0
1399502182860,dr,0,0
1399502186542,gps,34.0683968,-118.4435694
1399502207464,gps,34.0683941,-118.4435782
1399502227613,gps,34.0683845,-118.4435759
1399502247575,gps,34.0683666,-118.4435646
1399502268543,gps,34.0683688,-118.4435586
1399502288644,gps,34.0683645,-118.443557
1399502308788,gps,34.0684402,-118.4435586
1399502329640,gps,34.0684406,-118.4435309
1399502349602,gps,34.0684375,-118.4435344
1399502369714,gps,34.0684413,-118.4435328
1399502390671,gps,34.0684386,-118.4435334
1399502410737,gps,34.0684358,-118.4435135
1399502430761,gps,34.0684309,-118.4435245
1399502451674,gps,34.0683979,-118.4435465
1399502471856,gps,34.068394,-118.4435435
1399502491749,gps,34.0683828,-118.4435509
1399502512731,gps,34.068397,-118.4435408
1399502532897,gps,34.0684226,-118.4435241
1399502552898,gps,34.0684334,-118.4435168
1399502573829,gps,34.0684328,-118.4435234
1399502593840,gps,34.0684404,-118.4435117
1399502613969,gps,34.0684353,-118.4435166
1399502634861,gps,34.0684394,-118.4435261
1399502654910,gps,34.0684266,-118.4435128
1399502675007,gps,34.0684297,-118.4435168
1399502701657,gps,34.0684076,-118.4434896
1399502721724,gps,34.0684084,-118.4435098
1399502741814,gps,34.0684218,-118.4435646
1399502770655,gps,34.0684241,-118.4435515
1399502800058,gps,34.0684254,-118.4435498
1399502821100,gps,34.0684336,-118.44353
1399502841179,gps,34.068433,-118.4435519
1399502861177,gps,34.068434,-118.4435545
1399502882099,gps,34.0684312,-118.4435565
1399502902172,gps,34.0684326,-118.4435524
1399502914402,dr,1,0
1399502915692,dr,0,0
1399502915712,dr,2,0
1399502917002,dr,0,0
1399502924445,gps,34.0683795,-118.4435621
1399502943830,dr,1,0
1399502945119,dr,0,0
1399502945146,dr,1,0
1399502945356,gps,34.0683812,-118.4435647
1399502946428,dr,0,0
1399502965429,gps,34.0683871,-118.4435596
1399502985487,gps,34.0683957,-118.4435356
1399503006489,gps,34.0684274,-118.4435221
1399503026524,gps,34.0683948,-118.4435457
1399503046615,gps,34.0684067,-118.4435764
1399503067516,gps,34.0683847,-118.4435543
