1399505699832,1,34.0684275,-118.4435215
1399505701015,0,0,0
1399505701070,0,-1,0
1399505702325,0,0,0
1399505719837,1,34.068394,-118.443522
1399505731105,0,1,0
1399505732395,0,0,0
1399505732455,0,-2,0
1399505733704,0,0,0
1399505733759,0,-2,0
1399505735013,0,0,0
1399505735037,0,6,0
1399505736320,0,0,0
1399505736341,0,-6,0
1399505737631,0,0,0
1399505737651,0,12,0
1399505738940,0,0,0
1399505738961,0,3,0
1399505740248,0,0,0
1399505740269,0,-3,0
1399505740805,1,34.0683777,-118.4435212
1399505741559,0,0,0
1399505760910,1,34.0683819,-118.4435171
1399505780869,1,34.068389,-118.4435256
1399505784340,0,1,0
1399505785629,0,0,2
1399505785647,0,-5,0
1399505786962,0,0,8
1399505786967,0,-52,0
1399505788251,0,0,9
1399505788322,0,-25,0
1399505789555,0,0,7
1399505789603,0,-37,1
1399505790865,0,0,8
1399505790901,0,24,0
1399505792175,0,0,5
1399505792197,0,38,0
1399505793484,0,0,1
1399505793542,0,1,0
1399505794793,0,0,0
