1399507822011,1,34.0684082,-118.4435397
1399507828953,0,1,0
1399507830241,0,0,0
1399507830285,0,77,0
1399507831551,0,0,0
1399507831582,0,-17,0
1399507832863,0,0,0
1399507832913,0,53,0
1399507834169,0,0,0
1399507834191,0,-2,0
1399507835480,0,0,0
1399507842160,1,34.0683624,-118.4435617
1399507846235,0,-1,0
1399507847524,0,0,0
1399507847545,0,-48,0
1399507848834,0,0,0
1399507848854,0,44,0
1399507850143,0,0,0
1399507850163,0,-40,0
1399507851450,0,0,0
1399507835480,0,0,0
1399507842160,1,34.0683624,-118.4435617
1399507846235,0,-1,0
1399507847524,0,0,0
1399507847545,0,-48,0
1399507848834,0,0,0
1399507848854,0,44,0
1399507850143,0,0,0
1399507850163,0,-40,0
1399507851450,0,0,0
1399507858030,0,-58,0
1399507859307,0,0,0
1399507859328,0,54,0
1399507860616,0,0,0
1399507860636,0,-54,0
1399507861926,0,0,0
1399507861947,0,52,0
1399507862082,1,34.0683683,-118.4435276
1399507851472,0,45,0
1399507852761,0,0,0
1399507852807,0,-41,0
1399507854071,0,0,0
1399507854127,0,44,0
1399507855380,0,0,0
1399507855436,0,-55,0
1399507856687,0,0,0
1399507856711,0,59,0
1399507857999,0,0,0
1399507851472,0,45,0
1399507852761,0,0,0
1399507852807,0,-41,0
1399507854071,0,0,0
1399507854127,0,44,0
1399507855380,0,0,0
1399507855436,0,-55,0
1399507856687,0,0,0
1399507856711,0,59,0
1399507857999,0,0,0
1399507864546,0,0,0
1399507864565,0,31,0
1399507865854,0,0,0
1399507865910,0,-3,0
1399507867162,0,0,0
1399507867220,0,8,0
1399507868470,0,0,2
1399507868498,0,23,0
1399507869792,0,0,3
1399507869800,0,49,0
1399507851472,0,45,0
1399507852761,0,0,0
1399507852807,0,-41,0
1399507854071,0,0,0
1399507854127,0,44,0
1399507855380,0,0,0
1399507855436,0,-55,0
1399507856687,0,0,0
1399507856711,0,59,0
1399507857999,0,0,0
1399507864546,0,0,0
1399507864565,0,31,0
1399507865854,0,0,0
1399507865910,0,-3,0
1399507867162,0,0,0
1399507867220,0,8,0
1399507868470,0,0,2
1399507868498,0,23,0
1399507869792,0,0,3
1399507869800,0,49,0
1399507871090,0,0,5
1399507871120,0,-13,0
