1399497341010,gps,34.0683662,-118.443562
1399497342006,dr,-1,0
1399497343295,dr,0,0
1399497343315,dr,-3,0
1399497344605,dr,0,0
1399497344626,dr,2,0
1399497345914,dr,0,0
1399497346840,dr,-1,0
1399497348129,dr,0,5
1399497348149,dr,-16,0
1399497349438,dr,0,0
1399497349720,dr,-1,0
1399497351010,dr,0,0
1399497351031,dr,-3,0
1399497352320,dr,0,0
1399497360940,gps,34.0683763,-118.4435738
1399497381018,gps,34.0683835,-118.4435704
1399497402118,gps,34.0683941,-118.4435467
1399497402672,dr,1,0
1399497403964,dr,0,0
